95,49,44,15
-26,41,14,21
-28,-47,23,29
98,53,-23,-80
93,31,-33,7
-40,33,-14,-100
48,72,83,-91
27,-39,61,1
72,-66,54,25
-30,60,-18,27
-49,93,-56,43
-14,-100,57,19
-35,-29,6,-21
28,79,51,65
-39,-61,29,66
-43,-56,-98,44
61,-17,-55,-89
-50,83,55,4
-76,100,-58,84
-16,-85,-87,67
-64,-9,-62,-31
100,97,79,-42
71,78,-40,-86
-21,-51,-21,-59
69,-41,83,92
5,-7,14,2
-14,-26,68,99
84,-61,-27,52
-94,-100,-36,-28
85,-92,-32,-16
87,-43,40,50
46,-89,71,-46
-68,56,-43,49
12,9,-60,-68
95,44,99,-9
66,-32,-26,85
98,91,45,-19
-44,61,52,-9
58,-86,77,-81
11,14,24,56
61,16,-61,92
99,78,-18,78
64,-100,-57,-29
-35,87,92,-65
47,45,-41,19
53,14,88,58
44,49,59,42
-88,-27,98,63
-5,-79,-55,-12
-79,-100,-100,100
-73,-75,83,85
-67,56,-33,-80
79,89,-63,27
-73,53,-17,-35
24,-86,-52,-20
89,50,-82,-78
4,8,8,96
58,74,86,-28
76,-97,52,60
89,10,59,65
-19,11,67,31
72,45,-22,-37
89,-46,48,-40
-98,13,-18,24
95,-82,-17,57
-56,-74,-31,-23
92,56,73,38
26,-55,-67,78
95,4,-49,-27
81,21,21,-33
50,-22,21,48
-40,56,31,25
-45,-9,-44,-74
48,-1,-68,1
46,90,54,-1
-62,45,36,-13
-96,-46,86,-90
-91,-75,-47,-50
32,-19,-83,53
-19,-50,10,23
73,-43,77,-88
24,8,-59,0
94,-97,22,-28
-98,-8,-75,-97
39,-29,15,-22
-87,-46,9,-48
-2,-52,38,30
-99,60,-50,-91
-73,58,64,-24
43,-51,97,29
18,75,-61,54
-95,28,-2,38
-46,14,74,-63
-84,93,-56,-16
72,-80,90,48
-8,52,-64,93
-5,-58,-52,100
48,-59,6,-46
36,1,-38,-20
-36,-83,61,-60
-26,-83,-25,17
-49,30,14,52
-37,-86,30,-22
-12,-98,-20,42
-31,-30,-13,66
-83,-19,-4,46
29,-50,-79,87
2,9,-87,-43
-62,31,51,8
-75,9,55,-72
-85,-47,11,20
22,79,80,16
-64,37,-47,-1
-47,-22,-94,-33
-58,83,-40,-73
18,77,91,40
-78,-24,-49,59
53,-22,-3,73
-37,-88,24,73
11,-19,88,-46
80,79,-12,-63
-36,-73,27,-5
-26,-41,35,-78
-34,-68,29,48
56,79,51,-32
-29,-98,17,79
65,13,-97,78
70,32,-96,-31
-46,-92,-75,75
72,-32,-58,14
-49,45,83,73
78,-91,-50,35
-7,-96,-39,40
-52,12,-75,-42
1,16,46,59
23,-20,39,-38
16,-91,93,48
-15,89,-12,44
17,55,-56,-46
12,-80,-75,-93
51,81,5,84
78,33,-99,80
2,-82,100,-50
27,-53,-40,92
58,-77,-71,46
-48,-30,63,62
-50,40,58,62
-25,31,6,14
-51,20,6,-35
-38,-62,43,28
-74,94,-93,40
-65,-87,97,73
-34,68,-18,0
-10,82,-79,86
-75,64,-75,55
42,-7,-97,-68
32,-85,-53,-2
-26,-6,-22,-54
33,4,-26,51
-37,88,38,-23
-42,-56,-27,76
-3,-81,90,83
91,-66,-65,72
14,-42,68,-84
-43,14,-87,-64
24,-21,88,60
-89,-50,-45,57
-65,19,37,54
-16,-16,79,-45
-21,27,94,30
41,8,49,-74
69,13,-25,-86
-8,-51,65,-33
24,100,97,62
-73,92,88,89
-86,73,42,61
-53,-87,81,-89
-29,65,89,38
24,-9,77,-87
-30,-23,53,62
-82,-54,-58,-57
-53,22,-72,-50
-43,-95,-81,40
58,-97,-74,-48
11,-49,-100,67
-78,26,17,63
33,-37,-8,-69
16,74,9,-92
56,-72,-92,96
83,41,100,57
-28,-6,-22,-48
-36,18,-60,-32
45,-82,71,-98
96,-23,69,-20
-54,58,-24,67
88,-53,-46,-64
-12,-2,68,22
41,-81,29,69
-80,-76,-31,51
36,36,39,-86
80,30,-64,41
-90,-86,-31,57
-50,54,-71,25
-34,50,-80,58
73,4,25,38
90,90,-79,-59
-4,-24,54,-46
-59,-29,-21,-16
-97,26,-61,-12
-51,-92,-27,52
-19,49,27,-70
27,-38,14,38
-81,76,38,82
44,-26,56,-19
39,28,-54,-12
-72,-8,81,-36
-81,30,-18,49
99,78,80,-65
-58,70,-96,92
-3,-95,-9,-67
35,-41,-4,-2
53,-10,-70,74
-35,5,42,4
16,-55,-56,32
-87,-40,-74,72
-82,-48,78,15
46,-8,-21,-23
-31,1,-50,-16
-61,38,-91,71
100,-14,-27,-93
-30,87,-57,-31
-88,57,-60,-34
-65,-50,30,-79
-48,25,-85,-70
-15,66,5,28
-44,-3,-9,27
28,-91,80,67
-3,-48,-67,-72
95,71,-32,-35
35,65,55,-60
4,-71,94,-46
6,-55,42,58
-77,-47,-27,-17
-47,64,30,27
-45,50,-60,58
35,46,-62,80
-99,-8,-18,-70
-42,-81,-78,21
28,49,-17,-78
39,-50,1,-81
66,-37,55,16
92,-39,-33,28
-83,-74,-54,7
-45,71,-9,-30
-55,38,100,-51
62,0,21,-65
69,-93,-15,-55
-30,56,19,57
97,74,-56,-26
-37,95,-45,-100
-4,43,-33,87
39,-100,-29,-43
19,-34,-60,47
42,-85,67,67
-45,-61,16,-39
87,-63,-91,81
86,-9,-78,80
25,-87,70,78
-82,89,25,45
-36,-35,18,41
93,90,5,36
-40,-68,-41,-57
47,70,11,-28
90,-29,-76,-2
-34,18,63,-26
69,-93,34,71
-60,-35,21,79
55,-83,-88,74
-63,90,75,-21
-88,16,-12,47
-63,-8,13,71
98,-71,-31,-17
-3,73,47,-88
-81,-77,-59,-57
42,-60,99,36
67,2,68,-22
51,-27,0,-82
69,-71,-45,78
24,-89,59,75
-50,17,-38,79
-13,-57,-75,78
91,-36,-9,-46
88,-14,-67,-73
-39,-38,37,37
-91,45,5,-58
-34,71,49,61
-58,84,-66,-64
55,-59,-4,-27
85,-16,-59,-47
27,9,-85,15
-67,31,-72,36
-72,19,-14,-94
88,27,-72,20
63,-38,47,40
98,9,-42,18
32,-97,97,41
11,-85,-62,68
22,38,84,-74
-69,-80,-49,-1
-73,8,49,-4
-35,67,-69,-53
75,39,28,-11
-17,-89,-48,-35
32,-20,-6,6
30,67,84,31
-54,82,-67,43
18,-60,-27,42
-43,97,-34,78
-87,38,-74,37
42,83,93,-42
65,29,-45,42
74,-70,23,10
-66,-24,-97,-47
-48,1,56,96
100,-88,25,92
-72,29,-85,-70
42,-6,59,-40
88,14,53,77
81,47,-63,64
5,13,52,-68
-3,13,81,-10
-69,-39,-80,-63
6,-66,-95,15
52,43,-94,5
9,-61,-28,27
77,-93,-35,-3
7,-44,1,-48
11,-57,-2,-90
-48,-32,76,-4
-84,-100,-25,90
-79,-35,-11,4
91,23,74,66
38,-58,63,0
14,-91,-49,17
-58,-9,51,-1
-56,60,-99,81
46,-26,-86,-19
-66,-77,93,-94
-19,46,-66,82
19,46,68,-93
45,-99,5,-15
5,-1,49,-65
72,-79,75,-44
-13,12,72,48
90,-58,91,97
68,-5,68,76
42,-35,58,-91
25,43,72,-2
-65,-98,-8,-76
-1,-93,18,-76
7,-89,-50,-28
82,-1,-32,56
-36,3,-75,-68
-92,-72,-30,92
-16,18,-2,66
-72,-48,76,-14
58,-5,3,-19
-25,-88,55,77
14,48,-83,33
67,26,21,87
-22,26,-73,-44
-55,95,-29,35
-28,-7,71,33
-67,42,39,45
32,-19,-6,-46
11,37,76,39
99,-99,66,-78
91,-98,-14,-32
12,7,87,92
81,-17,61,-27
-92,-5,99,-23
31,14,-20,52
6,-27,-23,-38
44,-24,41,38
-59,20,-17,59
2,13,-45,-90
27,-46,-33,68
79,-28,-79,-59
-8,40,-33,-83
76,67,51,-57
-20,-77,-45,73
96,-6,1,26
85,-10,15,-53
64,69,-87,50
-39,-52,69,13
47,-2,90,-9
-61,-23,11,-33
50,-7,37,84
-38,74,-13,-100
-30,56,-40,-65
100,51,24,4
96,44,50,50
-42,-89,53,-59
-87,-9,41,-49
-77,57,-8,-45
64,51,-60,-48
48,93,-2,19
4,24,-16,-44
-23,11,-27,85
-26,67,-65,73
90,81,-46,9
6,3,74,16
39,-62,-77,17
40,82,-46,17
-10,6,-96,59
-58,100,82,-10
52,-15,-90,6
82,-5,-75,-97
-78,18,-68,45
40,-27,42,78
28,16,-33,-89
-58,82,-76,3
67,29,74,56
-21,49,7,71
-76,-85,-1,-50
-70,-55,24,42
96,-54,-61,-97
5,90,-33,83
-38,18,-27,37
67,-74,65,-80
-20,-54,-32,-89
-61,-66,-76,-21
-16,0,-29,89
12,-73,91,62
-25,-75,82,44
-5,54,98,-100
41,79,92,-68
87,-25,47,-93
94,42,78,54
90,-32,-82,-20
-10,48,-90,69
86,-76,-80,55
28,-46,-74,41
-16,-1,-77,82
-80,-21,20,-73
-59,-55,-35,0
-18,4,-31,15
45,-80,54,-64
21,50,66,-65
100,-74,1,-65
42,98,-32,-38
8,57,71,-35
15,15,71,-82
88,49,-73,-93
66,35,22,47
9,57,18,-32
-63,75,-68,12
-95,49,-61,74
53,-85,23,-97
93,-45,25,95
69,17,-53,-20
17,-97,78,86
-12,-97,60,14
-32,3,-48,18
-28,-64,-32,13
-49,-13,68,-81
48,-28,-53,17
-83,0,33,-63
-52,75,60,100
60,45,54,-42
-76,-80,56,-83
-48,35,-18,-47
22,100,-97,-89
5,51,-49,-6
55,52,-37,93
65,-74,44,70
51,-86,-60,34
-16,-20,16,-20
41,-53,81,44
-28,55,-97,-1
19,-30,84,57
-56,-19,23,35
-13,23,-13,61
-81,65,-8,-35
-80,-22,-49,47
73,52,-24,-35
-65,73,-89,-82
59,72,51,-8
-77,87,6,-29
48,89,94,-92
-59,-48,62,100
-65,-71,69,-37
-29,68,-5,-29
-62,-84,94,-84
-41,67,61,-78
68,39,-71,-49
56,11,59,29
-45,10,-33,-28
35,4,16,34
39,-23,-65,-24
-44,54,69,33
-84,69,59,2
-38,38,-82,-23
3,-3,2,-83
66,71,58,-38
-21,50,-66,14
-72,20,95,100
-25,-59,-47,42
59,-3,80,-71
-71,-56,46,93
49,-12,-45,-64
32,33,98,-17
-36,85,-56,96
80,52,68,-92
39,51,87,56
23,-54,-25,-98
-76,56,84,83
-55,-46,33,-54
30,80,-26,80
-73,-37,-99,30
12,62,87,13
33,-67,-79,39
17,57,-51,-24
-28,-43,-56,-49
-63,-85,-99,99
-42,20,88,-52
-3,95,-71,-94
98,-24,-76,97
98,-29,4,-5
29,-40,58,-73
19,-94,-55,-92
-91,8,84,41
-8,43,-82,51
-39,-18,-83,79
-71,61,17,43
-10,13,52,-90
46,11,-47,22
-72,86,9,57
-72,-89,-14,-26
24,-64,58,-29
86,5,-36,-100
-27,-64,-4,4
14,-30,94,-3
15,-45,-10,-59
-54,39,1,-14
87,43,39,-83
-83,95,-58,58
-35,-100,-16,-30
4,50,17,88
94,87,24,-68
-84,-73,-42,60
-94,22,-21,18
19,-30,-95,-100
-78,20,-81,-33
-67,75,68,-73
-19,-94,-44,74
22,68,37,60
32,-22,-36,38
-74,-34,21,-21
-71,-71,85,91
-90,-23,52,97
30,-48,-57,86
49,-97,-89,-20
-12,-11,66,55
27,-71,-79,74
14,78,70,-35
-21,73,-57,47
-33,56,-12,-7
68,-50,-52,-47
7,56,26,70
85,-62,78,15
-60,80,-4,41
-36,9,-13,48
39,24,-38,81
-60,-18,-17,-88
-36,66,57,21
-72,-3,-78,50
91,-47,38,-13
-19,-33,95,-92
68,91,-57,-74
89,27,-30,59
-96,23,-57,-84
48,-83,-17,61
56,-37,95,-95
18,-95,-69,-25
52,17,18,96
38,-70,7,92
89,-57,88,86
50,52,34,50
-42,61,-54,7
29,-93,55,-47
-13,21,24,-56
81,-44,-98,-94
-43,78,-67,49
-12,5,53,-85
31,-32,70,-65
14,-51,-97,57
-38,-83,-25,-68
86,52,-76,42
-100,-45,-87,-100
-28,1,-6,57
-35,30,-55,-81
-39,26,-46,57
-7,-21,-19,-42
-100,28,64,13
-21,-5,-30,-43
16,-62,-72,-48
-95,-87,82,1
-51,-54,2,-35
13,-48,11,-95
38,-94,-33,77
0,74,32,-25
50,32,-59,69
-94,-71,56,71
18,-21,-17,-7
99,-26,-10,-31
-10,80,78,29
5,97,79,-31
2,59,-12,13
60,-1,11,7
20,-68,-78,-18
-85,2,-18,92
-58,81,-65,-30
94,72,96,-88
-74,19,96,-15
68,-31,-48,43
62,-14,-2,47
-32,53,19,44
89,0,-70,-64
-91,92,41,36
92,100,-52,29
56,-10,50,94
29,41,-24,-28
9,-42,-3,-64
-24,0,-42,-58
1,24,75,24
89,-45,41,62
53,-21,-43,93
2,-96,59,-77
19,-53,-17,-87
45,2,16,-79
96,88,99,41
77,73,-64,-22
-60,34,-37,37
33,43,56,-28
87,70,23,-39
8,92,65,73
14,82,-46,-38
36,14,83,93
-10,-60,17,-19
-75,-79,53,-35
-42,-3,8,63
-57,-52,44,98
-21,78,79,-14
93,59,-64,-40
54,46,39,90
-18,-51,75,8
78,73,-38,-96
-41,48,62,4
23,94,66,-90
-25,51,-52,29
-94,-92,-79,-89
81,-80,25,-81
-36,6,91,34
-2,-50,77,-6
50,-78,79,11
-13,97,12,76
-62,-50,29,69
54,91,97,95
-91,15,70,-99
-56,35,79,-6
45,-51,25,-36
46,18,-45,-98
-61,16,12,-78
90,-82,48,-2
26,50,20,83
-28,18,-42,-35
76,50,-77,2
-61,95,53,-27
-89,-49,17,-80
-46,-100,-10,-38
73,77,93,83
73,-97,-78,-56
35,60,-22,-57
-41,-94,-12,8
-61,12,73,27
18,61,-65,-49
24,-64,-96,56
50,-92,-66,-12
3,-20,100,34
80,3,-17,-97
-56,-85,-41,77
43,-39,-92,-82
-39,92,-58,72
-3,-11,66,9
-48,-98,-10,-64
20,42,10,6
-49,44,9,-61
55,-58,-52,-7
27,-59,-43,-78
-94,-100,95,-18
87,20,-19,43
40,49,23,99
66,-22,-45,7
93,-27,68,-83
-78,-45,-73,-84
-57,-55,-63,31
-49,-44,46,-88
-42,94,10,15
-89,-47,-35,63
47,41,14,63
19,28,-71,-14
35,69,87,30
-48,-50,-91,56
22,-50,-41,15
-59,-54,11,47
-30,41,-83,38
42,-32,-90,33
77,35,-90,-22
14,25,40,-44
-25,-31,-63,-31
-3,44,47,7
-20,12,88,-57
24,-6,-7,-36
-29,-31,-27,52
-99,65,-87,87
-22,-10,-26,-7
-100,-72,69,69
-73,13,-52,66
-98,51,69,-44
-58,14,-45,-30
-8,-5,63,52
16,82,55,69
-4,-74,75,-74
-38,-20,41,92
18,26,-14,41
3,-9,78,62
-30,-18,-16,45
-27,-95,-24,29
-10,-59,-9,-43
-15,63,-46,-15
22,-81,19,45
42,-60,89,23
31,46,-92,-55
6,-73,-6,30
87,-92,-54,-20
90,-91,-8,-5
72,-60,-37,34
67,96,-59,10
79,-39,-20,-25
35,100,-47,81
-78,-98,-46,91
82,-8,-33,-20
-97,-77,67,24
-73,45,93,51
-54,28,-23,-29
-35,32,6,91
15,-64,90,37
82,62,-77,55
94,32,-66,80
-39,18,87,53
-99,1,62,-54
88,-39,-60,-47
-97,-69,-59,0
-75,17,-30,-97
80,-32,41,-58
59,-79,-49,-24
-33,40,-39,60
-64,-5,-55,-59
-90,0,-8,-9
-42,97,79,40
-38,-4,-94,55
19,-82,45,-95
46,77,-28,38
-95,-58,-70,-65
53,-60,97,-12
17,-75,70,-65
-13,-26,76,-4
-70,-56,49,-73
-58,-86,60,-32
44,-95,75,-11
77,51,24,-81
-96,73,90,-68
68,56,56,31
6,93,16,-49
-59,-54,39,64
41,-61,-4,-77
60,-72,-23,41
72,-88,-10,-39
-81,50,-14,44
-55,34,-76,65
4,20,94,9
98,-22,-39,98
78,-7,5,-21
34,44,-45,17
18,35,-60,-31
71,-60,61,-31
26,44,29,80
-93,-92,-2,-72
-82,73,-100,-36
-54,75,-73,82
-75,-2,-16,73
-33,22,-74,-67
-2,-63,68,-89
25,-76,5,64
15,15,-3,-87
77,-98,-66,35
-58,-25,0,-1
-70,-98,51,12
-26,-83,-16,-27
89,20,-89,37
10,37,10,62
-62,9,-33,50
-31,-55,42,12
37,24,-39,68
77,3,-99,-15
-98,-22,-94,92
67,-55,-32,-7
-25,64,-60,36
-90,32,5,95
-13,-15,78,67
-7,-55,23,-63
21,82,20,3
-94,-52,-88,-69
-56,-65,36,96
69,77,-3,33
35,11,50,-38
99,-41,-74,66
-96,0,16,-85
-56,-90,31,100
-21,94,-19,-61
-4,-71,97,-52
34,-73,100,20
-55,6,96,-14
27,-76,-4,-53
28,6,43,-95
29,-12,63,7
82,81,13,68
44,-83,69,57
-31,90,-74,-85
-32,-65,-38,-30
84,69,-17,57
-66,-80,-86,60
-45,-49,-99,-85
-11,-1,47,61
80,77,-27,7
-96,-9,39,82
-28,-66,51,77
7,30,-11,-16
-61,1,-68,-96
-27,-5,77,76
-50,-43,-76,-95
-61,5,86,-77
-13,24,17,43
-45,75,-81,30
36,-14,-66,67
68,-31,91,26
4,-19,-51,-36
-9,-76,-82,-49
-28,-63,28,55
49,29,-39,79
-25,-32,-25,-96
-37,33,13,6
-47,35,-9,28
-38,-79,86,72
-72,1,9,34
46,84,89,-84
40,-10,-1,53
-62,-87,31,-23
-6,35,59,-58
6,55,84,-65
7,97,-64,10
87,-18,3,13
34,-97,-68,47
-67,-92,-18,12
-59,-75,0,-60
81,-50,-6,56
-77,39,97,62
-41,-20,86,-30
68,41,80,-37
88,-40,-70,28
49,29,-95,-83
45,-95,-59,40
63,-79,-37,-44
-95,22,-47,61
-88,-86,-68,-45
-95,-22,58,97
45,50,61,-71
-15,14,23,53
82,19,-67,58
72,-42,62,-48
-71,-40,81,73
52,45,66,12
-74,85,-96,-49
-88,65,26,23
87,61,33,-83
-94,-24,-77,-65
-65,19,42,17
-8,22,-62,25
-82,78,-50,-87
-88,10,-56,-29
-76,24,-33,8
0,46,-98,8
74,48,53,-64
29,-52,-64,-53
-5,-93,-2,-10
69,-20,71,-33
-24,43,-81,-94
-83,-100,-53,10
-3,97,35,99
96,15,-27,-13
67,41,36,42
-25,-49,99,-91
34,33,33,-56
-98,-14,-44,9
77,79,-35,8
44,-56,45,-84
78,-86,5,58
-86,-70,-96,26
-88,53,53,20
-75,36,39,-68
93,58,-90,74
28,-97,94,-15
39,-50,-2,66
-69,73,16,-56
47,77,-15,85
57,77,1,73
73,24,-10,-2
87,17,71,-74
-89,5,-29,30
64,62,84,-33
-47,-33,-37,93
-100,-5,-49,-15
49,49,73,-55
88,75,-24,2
-45,-89,90,-18
-35,90,91,-98
13,2,14,-66
-5,68,14,38
-72,94,-99,-14
-85,-35,-5,-78
-40,-46,24,76
11,35,-95,73
66,-55,95,-69
95,67,71,93
60,59,-96,34
50,85,16,-53
-98,-46,23,-38
-8,13,98,-24
-71,19,32,-38
-20,20,2,91
4,22,6,-29
40,89,17,-42
92,-56,1,-77
36,28,1,43
-13,-100,-9,49
69,32,-44,68
51,44,-53,-65
-86,32,22,25
30,12,48,-58
-80,98,53,92
62,-14,-68,50
78,62,78,91
-14,1,66,47
-11,-26,45,-89
19,22,87,-72
-32,-97,-69,78
95,53,-19,-77
-58,-63,58,12
-54,76,33,38
-47,-67,67,-74
38,94,-36,-51
-86,44,17,36
74,88,-76,-17
-62,57,28,-92
-99,-81,25,-91
-84,0,80,5
-49,20,100,-28
-19,76,75,93
10,-68,78,85
-90,-43,-96,-44
-74,38,-71,-1
1,11,-17,33
86,33,-51,-85
60,-36,41,70
-35,-2,0,60
90,-84,22,71
55,37,-10,16
-65,-84,-57,29
16,14,66,-6
27,24,28,84
92,73,-44,-54
-70,96,-6,-44
-95,39,-90,-42
-87,-4,-95,30
0,42,60,78
77,-58,34,-95
84,-50,100,27
81,13,-15,-42
61,85,17,-82
